1 1 double
2 2 y
3 5 ;
4 2 y
5 4 =
6 3 3.1415e-10
7 5 ;
8 1 double
9 2 z
10 5 ;
11 1 float
12 2 a
13 5 ;
14 2 a
15 4 =
16 3 12312
17 5 ;
18 2 a
19 4 =
20 3 3.1e+5
21 5 ;
22 2 a
23 4 =
24 3 .123e-2
25 5 ;
26 2 z
27 4 =
28 4 (
29 2 x1
30 4 -
31 3 3
32 4 )
33 4 *
34 4 (
35 3 4
36 4 -
37 2 y
38 4 )
39 5 ;
40 1 if
41 4 (
42 2 y
43 4 >=
44 2 z
45 4 )
46 1 if
47 4 (
48 2 z
49 4 <=
50 2 y
51 4 )
52 2 z
53 4 =
54 2 y
55 5 ;
56 1 while
57 4 (
58 4 (
59 2 z
60 4 +
61 2 y
62 4 *
63 3 15
64 4 -
65 3 7
66 4 )
67 4 >
68 3 10
69 4 )
70 1 if
71 4 (
72 2 z
73 4 <
74 2 y
75 4 )
76 2 z
77 4 =
78 2 z
79 4 -
80 3 100
81 5 ;
